A;B;HWPa;QWPa;HWPb;QWPb;coinc_phi_p;coinc_phi_m;coinc_dec
H;H;37;47;7;270;5220;9000;16000
H;V;37;47;52;270;270;400;650
V;V;82;47;52;270;5300;9000;17000
V;H;82;47;7;270;314;550;1200
R;H;82;92;7;270;3400;5802;10671
R;V;82;92;52;270;2600;4437;8160
D;V;59.5;92;52;270;3200;5461;10043
D;H;59.5;92;7;270;3050;5205;9572
D;R;59.5;92;7;225;3300;5632;10357
D;D;59.5;92;29.5;225;300;8700;15000
R;D;82;92;29.5;225;3200;5461;10043
H;D;37;47;29.5;225;2380;4062;7470
V;D;82;47;29.5;225;3500;5973;10985
V;L;82;47;52;225;2400;4096;7532
H;L;37;47;52;225;3000;5120;9416
R;L;82;92;52;225;320;8500;15000
L;L;37;92;52;225;5400;9216;16948